EAGLE Version 8.6.3 Copyright (c) 1988-2018 Autodesk, Inc.
List of signals with length and its max. frequency / current
exported from C:/Users/Chirag/Desktop/ATmega Design/ATmega_Board/PCB Design/ATmega Board/PCB Design.brd
at 03-03-2018 03:17 PM
Signal	f max. [MHz]	l [mm]	A [mm2]	R [mOhm]	w min [mm]	w max [mm]	Imax [A]
+5V	   1136.24	263.854	0.014	 322.77	 0.406	 0.813	  1.25
PC6/RESET	   1869.99	160.321	0.014	 196.12	 0.406	 0.406	  1.25
3.3V	   3341.25	 89.727	0.028	  54.88	 0.813	 0.813	  2.45
PB5/SCK/D13	   3936.30	 76.163	0.014	  93.17	 0.406	 0.406	  1.25
PD1/TX	   4164.65	 71.987	0.014	  88.06	 0.406	 0.406	  1.25
PB3/MOSI/D11	   4392.23	 68.257	0.014	  83.50	 0.406	 0.406	  1.25
PD0/RX	   4664.99	 64.266	0.014	  78.62	 0.406	 0.406	  1.25
PB4/MISO/D12	   4701.67	 63.765	0.014	  78.00	 0.406	 0.406	  1.25
AREF	   4792.42	 62.557	0.014	  76.53	 0.406	 0.406	  1.25
PC4/A4/SDA	   5279.72	 56.783	0.014	  69.46	 0.406	 0.406	  1.25
+12V	   5445.64	 55.053	0.028	  33.67	 0.813	 0.813	  2.45
PC5/A5/SCL	   5939.35	 50.477	0.014	  61.75	 0.406	 0.406	  1.25
PD7/LCD_RS	   7697.02	 38.950	0.014	  47.65	 0.406	 0.406	  1.25
PD6/LCD_E	   7964.96	 37.640	0.014	  46.04	 0.406	 0.406	  1.25
PD5/LCD_D4	   8442.43	 35.511	0.014	  43.44	 0.406	 0.406	  1.25
PB0/D8	   8523.04	 35.175	0.014	  43.03	 0.406	 0.406	  1.25
N$6	   9018.24	 33.244	0.014	  40.67	 0.406	 0.406	  1.25
DTR	  10261.28	 29.217	0.014	  35.74	 0.406	 0.406	  1.25
PD2/LCD_D7	  10926.59	 27.438	0.014	  33.56	 0.406	 0.406	  1.25
PD3/LCD_D6	  10927.52	 27.435	0.014	  33.56	 0.406	 0.406	  1.25
PD4/LCD_D5	  10927.52	 27.435	0.014	  33.56	 0.406	 0.406	  1.25
PB1/D9	  11571.72	 25.908	0.014	  31.69	 0.406	 0.406	  1.25
PB2/D10	  11571.72	 25.908	0.014	  31.69	 0.406	 0.406	  1.25
PC0/A0	  11571.72	 25.908	0.014	  31.69	 0.406	 0.406	  1.25
PC1/A1	  11571.72	 25.908	0.014	  31.69	 0.406	 0.406	  1.25
PC2/A2	  11571.72	 25.908	0.014	  31.69	 0.406	 0.406	  1.25
PC3/A3	  11571.72	 25.908	0.014	  31.69	 0.406	 0.406	  1.25
PB7/CRYSTAL2	  31765.74	  9.438	0.014	  11.55	 0.406	 0.406	  1.25
PB6/CRYSTAL1	  31913.10	  9.394	0.014	  11.49	 0.406	 0.406	  1.25
N$1	  36895.03	  8.126	0.014	   9.94	 0.406	 0.406	  1.25
N$2	  40236.68	  7.451	0.014	   9.11	 0.406	 0.406	  1.25
N$3	  56726.58	  5.285	0.014	   6.47	 0.406	 0.406	  1.25
N$7	  56726.58	  5.285	0.014	   6.47	 0.406	 0.406	  1.25
N$14	  57016.90	  5.258	0.014	   6.43	 0.406	 0.406	  1.25
GND	1885534.59	  0.159	0.014	   0.19	 0.406	 0.406	  1.25
